Cas	He	Hs	Te	Ts	Diam_WR	WRyoung	offset ini	mu_ini	Force	G
1	19.714	8.855	0.000	0.000	737.928	216000.000	0.000	0.000	431.830	0.000
2	20.286	11.111	0.114	0.000	737.928	216000.000	0.000	0.000	1414.630	0.000
3	20.485	11.332	1.236	0.000	737.928	216000.000	0.000	0.000	1411.470	0.000
4	20.559	11.565	5.201	0.000	737.928	216000.000	0.000	0.000	1386.540	0.000
5	20.665	11.654	9.679	0.000	737.928	216000.000	0.000	0.000	1372.680	0.000
6	20.732	11.734	10.613	0.000	737.928	216000.000	0.000	0.000	1380.410	0.000
7	20.766	11.759	10.246	0.000	737.928	216000.000	0.000	0.000	1401.480	0.000
8	20.761	11.765	10.102	0.000	737.928	216000.000	0.000	0.000	1409.920	0.000
9	20.786	11.767	10.549	0.000	737.928	216000.000	0.000	0.000	1412.490	0.000
10	20.731	11.772	10.425	0.000	737.928	216000.000	0.000	0.000	1419.340	0.000
11	20.768	11.768	10.422	0.000	737.928	216000.000	0.000	0.000	1412.360	0.000
12	20.845	11.785	10.228	0.000	737.928	216000.000	0.000	0.000	1435.250	0.000
13	20.851	11.760	10.000	0.000	737.928	216000.000	0.000	0.000	1425.090	0.000
14	20.871	11.815	10.510	1.398	737.928	216000.000	171.956	0.194	1463.550	6.800
15	20.878	11.840	9.253	5.266	737.928	216000.000	0.000	0.000	1493.420	14.300
16	20.869	11.820	8.486	11.779	737.928	216000.000	0.000	0.000	1479.670	13.600
17	20.880	11.818	9.005	14.938	737.928	216000.000	172.834	0.202	1479.650	8.100
18	20.873	11.774	9.505	16.059	737.928	216000.000	179.983	0.175	1450.460	6.900
19	20.857	11.777	11.023	16.473	737.928	216000.000	175.237	0.190	1446.230	7.500
20	20.780	11.761	11.404	14.906	737.928	216000.000	172.370	0.196	1434.720	7.600
21	20.811	11.755	11.712	15.111	737.928	216000.000	172.498	0.194	1429.370	7.500
22	20.821	11.769	11.198	14.424	737.928	216000.000	170.411	0.201	1438.610	7.800
23	20.795	11.780	10.080	12.214	737.928	216000.000	162.079	0.229	1449.940	8.800
24	20.777	11.773	9.512	11.377	737.928	216000.000	163.449	0.220	1444.510	8.500
25	20.795	11.769	9.208	11.696	737.928	216000.000	165.381	0.210	1438.260	8.200
26	20.803	11.756	9.576	12.217	737.928	216000.000	159.284	0.229	1431.210	8.900
27	20.781	11.745	10.225	12.860	737.928	216000.000	162.586	0.219	1427.200	8.500
28	20.786	11.750	10.658	12.842	737.928	216000.000	162.616	0.220	1428.050	8.500
29	20.773	11.759	10.624	12.829	737.928	216000.000	162.582	0.223	1434.560	8.600
30	20.782	11.763	11.020	13.702	737.928	216000.000	165.908	0.214	1437.220	8.300
31	20.813	11.772	10.715	14.502	737.928	216000.000	164.626	0.220	1443.230	8.600
32	20.803	11.753	9.788	15.509	737.928	216000.000	165.025	0.213	1431.050	8.500
33	20.808	11.752	9.405	15.281	737.928	216000.000	165.673	0.210	1431.300	8.400
34	20.839	11.755	9.431	14.416	737.928	216000.000	165.257	0.211	1435.380	8.400
35	20.837	11.756	10.257	13.919	737.928	216000.000	165.257	0.214	1439.670	8.400
36	20.821	11.750	10.824	13.835	737.928	216000.000	166.711	0.210	1438.780	8.200
37	20.817	11.769	10.676	13.191	737.928	216000.000	165.062	0.219	1449.810	8.500
38	20.819	11.782	10.419	12.892	737.928	216000.000	164.593	0.225	1462.750	8.700
39	20.769	11.767	10.318	13.484	737.928	216000.000	167.578	0.213	1453.340	8.300
40	20.829	11.785	10.525	13.982	737.928	216000.000	167.369	0.218	1465.890	8.500
41	20.849	11.774	10.127	14.576	737.928	216000.000	167.528	0.215	1464.130	8.500
42	20.849	11.794	9.787	14.778	737.928	216000.000	170.269	0.212	1479.880	8.400
43	20.859	11.789	9.774	14.367	737.928	216000.000	167.396	0.220	1479.850	8.700
44	20.873	11.775	9.700	13.836	737.928	216000.000	166.719	0.218	1470.660	8.600
45	20.844	11.770	9.964	13.568	737.928	216000.000	169.651	0.209	1468.360	8.200
46	20.831	11.791	10.472	13.665	737.928	216000.000	168.955	0.218	1483.390	8.500
47	20.832	11.776	10.390	13.384	737.928	216000.000	167.981	0.218	1476.810	8.500
48	20.802	11.771	10.406	13.650	737.928	216000.000	167.740	0.218	1471.130	8.500
49	20.812	11.776	10.758	13.674	737.928	216000.000	167.954	0.219	1473.610	8.500
50	20.840	11.780	10.396	13.889	737.928	216000.000	169.842	0.215	1483.180	8.400
51	20.819	11.768	10.057	14.391	737.928	216000.000	169.457	0.213	1474.890	8.400
52	20.809	11.769	9.872	14.605	737.928	216000.000	168.596	0.215	1472.090	8.500
53	20.811	11.766	9.738	14.302	737.928	216000.000	167.394	0.218	1470.820	8.600
54	20.803	11.768	9.889	14.090	737.928	216000.000	167.537	0.218	1473.510	8.600
55	20.795	11.762	10.184	14.471	737.928	216000.000	169.101	0.213	1469.990	8.400
56	20.800	11.760	10.642	14.806	737.928	216000.000	169.807	0.211	1467.120	8.300
57	20.807	11.768	10.813	14.742	737.928	216000.000	169.589	0.214	1473.570	8.400
58	20.748	11.773	11.039	14.184	737.928	216000.000	169.200	0.219	1478.800	8.500
59	20.807	11.788	11.294	14.160	737.928	216000.000	169.789	0.220	1487.360	8.500
60	20.802	11.758	10.442	13.756	737.928	216000.000	167.139	0.220	1473.140	8.600
61	20.793	11.777	9.754	14.368	737.928	216000.000	170.507	0.212	1483.050	8.400
62	20.793	11.788	9.276	14.278	737.928	216000.000	170.927	0.214	1494.680	8.500
63	20.791	11.780	9.087	14.281	737.928	216000.000	167.737	0.222	1488.040	8.800
64	20.793	11.795	9.621	14.023	737.928	216000.000	171.408	0.216	1501.270	8.500
65	20.822	11.785	10.199	13.797	737.928	216000.000	172.333	0.212	1498.410	8.300
66	20.834	11.799	10.892	14.110	737.928	216000.000	171.971	0.219	1509.360	8.500
67	20.780	11.779	10.813	13.961	737.928	216000.000	173.120	0.211	1495.220	8.200
68	20.808	11.784	10.956	13.656	737.928	216000.000	170.997	0.217	1494.630	8.400
69	20.826	11.776	10.226	13.399	737.928	216000.000	169.684	0.218	1492.740	8.500
70	20.805	11.774	9.492	14.006	737.928	216000.000	172.538	0.207	1489.920	8.200
71	20.791	11.781	9.458	14.256	737.928	216000.000	173.679	0.207	1497.780	8.200
72	20.803	11.777	9.634	14.370	737.928	216000.000	170.997	0.215	1496.170	8.500
73	20.823	11.773	9.987	14.198	737.928	216000.000	171.147	0.213	1492.500	8.400
74	20.817	11.769	10.404	14.400	737.928	216000.000	172.718	0.208	1490.400	8.200
75	20.806	11.751	10.834	14.740	737.928	216000.000	171.145	0.211	1481.450	8.300
76	20.813	11.767	10.826	15.198	737.928	216000.000	175.258	0.203	1493.200	8.000
77	20.824	11.783	10.927	15.062	737.928	216000.000	175.507	0.206	1504.240	8.100
78	20.876	11.791	10.722	14.834	737.928	216000.000	173.952	0.214	1517.450	8.400
79	20.890	11.792	9.998	14.613	737.928	216000.000	177.184	0.202	1518.250	8.000
80	20.889	11.796	9.508	14.981	737.928	216000.000	178.487	0.200	1527.210	8.000
81	20.886	11.782	9.098	15.525	737.928	216000.000	178.567	0.196	1516.690	7.900
82	20.870	11.787	9.355	15.424	737.928	216000.000	177.941	0.199	1518.160	8.000
83	20.877	11.796	9.954	14.893	737.928	216000.000	178.502	0.201	1527.640	8.000
84	20.890	11.800	10.095	13.794	737.928	216000.000	177.541	0.206	1535.190	8.100
85	20.877	11.797	10.148	13.579	737.928	216000.000	179.934	0.199	1534.860	7.800
86	20.842	11.798	10.131	13.609	737.928	216000.000	180.953	0.197	1534.170	7.700
87	20.892	11.794	10.150	13.629	737.928	216000.000	175.327	0.211	1531.870	8.300
88	20.892	11.771	9.877	13.131	737.928	216000.000	174.057	0.208	1516.290	8.200
89	20.858	11.771	10.073	13.130	737.928	216000.000	175.580	0.204	1513.090	8.000
90	20.847	11.775	10.294	13.378	737.928	216000.000	174.399	0.209	1515.330	8.200
91	20.867	11.779	9.873	13.501	737.928	216000.000	174.839	0.208	1519.230	8.200
92	20.859	11.760	9.433	13.643	737.928	216000.000	175.303	0.202	1507.060	8.000
93	20.819	11.730	9.026	14.173	737.928	216000.000	173.551	0.200	1485.750	8.000
94	20.815	11.727	8.732	14.443	737.928	216000.000	173.727	0.196	1477.630	7.900
95	20.802	11.695	8.341	14.739	737.928	216000.000	174.700	0.186	1453.750	7.500
96	20.855	11.696	9.166	15.881	737.928	216000.000	174.943	0.184	1444.410	7.400
97	20.850	11.672	10.406	15.830	737.928	216000.000	171.797	0.188	1424.300	7.500
98	20.837	11.687	11.329	15.073	737.928	216000.000	174.401	0.185	1430.760	7.200
99	20.826	11.674	11.435	13.531	737.928	216000.000	170.267	0.192	1417.770	7.400
100	20.842	11.670	10.790	12.856	737.928	216000.000	167.086	0.196	1408.330	7.600
101	20.868	11.687	10.479	12.066	737.928	216000.000	166.898	0.199	1421.690	7.700
102	20.854	11.681	10.512	12.830	737.928	216000.000	165.560	0.202	1417.910	7.900
103	20.836	11.681	10.283	14.259	737.928	216000.000	169.331	0.191	1411.040	7.500
104	20.815	11.691	9.975	15.386	737.928	216000.000	171.739	0.186	1416.490	7.400
105	20.870	11.708	9.654	15.435	737.928	216000.000	174.525	0.181	1429.860	7.200
106	20.876	11.703	9.239	15.404	737.928	216000.000	172.714	0.185	1428.020	7.400
107	20.867	11.705	9.435	15.079	737.928	216000.000	175.162	0.177	1424.230	7.000
108	20.857	11.696	9.842	14.289	737.928	216000.000	174.648	0.177	1417.900	6.900
109	20.870	11.710	10.077	13.984	737.928	216000.000	174.926	0.178	1422.310	6.900
110	20.896	11.688	10.063	13.198	737.928	216000.000	171.282	0.183	1411.130	7.100
111	20.883	11.681	10.605	12.242	737.928	216000.000	168.710	0.188	1400.750	7.200
112	20.862	11.707	11.105	11.757	737.928	216000.000	169.154	0.194	1419.790	7.400
113	20.836	11.697	10.719	12.511	737.928	216000.000	170.599	0.188	1412.590	7.200
114	20.875	11.709	10.271	14.693	737.928	216000.000	172.828	0.184	1419.730	7.200
115	20.835	11.693	9.845	15.568	737.928	216000.000	172.008	0.184	1411.770	7.300
116	20.810	11.709	9.653	15.420	737.928	216000.000	173.608	0.182	1418.010	7.200
117	20.818	11.700	9.057	14.606	737.928	216000.000	173.066	0.179	1412.530	7.100
118	20.845	11.683	8.553	14.738	737.928	216000.000	172.467	0.174	1395.490	6.900
119	20.849	11.686	9.166	14.985	737.928	216000.000	173.965	0.171	1394.140	6.700
120	20.828	11.671	10.355	14.338	737.928	216000.000	173.454	0.170	1380.110	6.500
121	20.813	11.662	11.394	14.332	737.928	216000.000	170.486	0.176	1366.330	6.700
122	20.818	11.663	11.585	13.574	737.928	216000.000	169.557	0.178	1363.070	6.700
123	20.868	11.681	10.634	12.589	737.928	216000.000	166.684	0.185	1372.340	7.100
124	20.853	11.687	10.048	12.212	737.928	216000.000	165.281	0.191	1381.370	7.400
125	20.829	11.693	10.131	11.750	737.928	216000.000	166.109	0.190	1383.520	7.300
126	20.823	11.691	9.611	12.614	737.928	216000.000	168.406	0.183	1384.530	7.100
127	20.837	11.696	9.103	15.045	737.928	216000.000	174.235	0.167	1381.920	6.500
128	20.851	11.706	9.282	16.233	737.928	216000.000	176.483	0.164	1388.070	6.400
129	20.823	11.694	9.592	15.855	737.928	216000.000	175.184	0.167	1384.360	6.500
130	20.804	11.703	10.036	15.706	737.928	216000.000	178.069	0.161	1382.930	6.100
131	20.866	11.699	10.040	15.165	737.928	216000.000	177.268	0.160	1377.410	6.000
132	20.886	11.693	9.467	13.765	737.928	216000.000	173.677	0.166	1375.100	6.300
133	20.890	11.684	10.233	13.364	737.928	216000.000	172.276	0.168	1365.840	6.300
134	20.899	11.683	11.112	12.474	737.928	216000.000	169.950	0.174	1363.990	6.500
135	20.901	11.687	11.273	11.842	737.928	216000.000	169.036	0.177	1366.290	6.600
136	20.869	11.714	10.963	12.728	737.928	216000.000	172.509	0.176	1388.100	6.600
137	20.868	11.729	10.416	14.514	737.928	216000.000	175.077	0.173	1398.700	6.600
138	20.851	11.751	10.034	15.952	737.928	216000.000	179.708	0.166	1415.020	6.400
139	20.881	11.747	9.353	16.911	737.928	216000.000	182.935	0.157	1414.280	6.000
140	20.915	11.761	8.401	16.584	737.928	216000.000	182.946	0.157	1424.450	6.100
141	20.889	11.736	7.768	14.903	737.928	216000.000	180.072	0.158	1409.900	6.100
142	20.873	11.735	9.033	13.688	737.928	216000.000	180.900	0.156	1403.530	5.800
143	20.869	11.704	10.414	12.801	737.928	216000.000	179.337	0.156	1383.370	5.600
144	20.889	11.685	10.544	12.090	737.928	216000.000	175.923	0.159	1366.850	5.700
145	20.868	11.670	10.785	12.649	737.928	216000.000	175.198	0.157	1350.780	5.600
146	20.827	11.661	11.438	13.115	737.928	216000.000	173.242	0.161	1341.400	5.800
147	20.843	11.658	11.881	12.903	737.928	216000.000	171.915	0.164	1338.220	5.900
148	20.882	11.680	11.476	14.019	737.928	216000.000	172.999	0.164	1348.380	6.000
149	20.841	11.685	10.391	14.576	737.928	216000.000	171.525	0.169	1355.180	6.400
150	20.830	11.705	9.869	15.226	737.928	216000.000	175.865	0.161	1368.350	6.100
151	20.866	11.720	9.267	15.954	737.928	216000.000	179.405	0.154	1378.040	5.800
152	20.883	11.714	8.400	15.871	737.928	216000.000	178.496	0.155	1378.790	5.900
153	20.878	11.714	8.243	15.195	737.928	216000.000	180.015	0.150	1377.300	5.600
154	20.859	11.709	9.291	15.274	737.928	216000.000	181.550	0.147	1370.070	5.300
155	20.849	11.708	10.332	14.368	737.928	216000.000	180.553	0.150	1365.020	5.300
156	20.913	11.676	10.387	12.992	737.928	216000.000	178.009	0.148	1344.950	5.100
157	20.913	11.656	9.913	12.359	737.928	216000.000	172.146	0.156	1330.760	5.600
158	20.870	11.647	10.151	11.346	737.928	216000.000	170.672	0.157	1321.740	5.600
159	20.882	11.655	11.106	10.669	737.928	216000.000	169.573	0.162	1321.730	5.700
160	20.912	11.653	11.237	11.998	737.928	216000.000	171.093	0.159	1322.720	5.600
161	20.902	11.686	11.166	14.368	737.928	216000.000	174.317	0.158	1340.410	5.700
162	20.889	11.719	11.189	16.058	737.928	216000.000	179.462	0.153	1359.530	5.500
163	20.857	11.749	10.861	17.332	737.928	216000.000	184.554	0.148	1379.580	5.300
164	20.910	11.747	9.852	17.354	737.928	216000.000	184.418	0.146	1382.840	5.300
165	20.913	11.762	8.282	16.271	737.928	216000.000	183.307	0.149	1398.260	5.600
166	20.879	11.741	7.783	14.585	737.928	216000.000	183.475	0.144	1384.610	5.200
167	20.846	11.732	8.960	13.334	737.928	216000.000	183.650	0.142	1371.940	4.900
168	20.870	11.687	10.213	13.559	737.928	216000.000	182.955	0.138	1344.110	4.500
169	20.862	11.664	10.406	13.822	737.928	216000.000	180.271	0.139	1327.510	4.600
170	20.823	11.649	10.750	13.400	737.928	216000.000	175.289	0.148	1315.990	5.100
171	20.799	11.650	11.126	12.260	737.928	216000.000	173.629	0.152	1312.350	5.200
172	20.867	11.634	11.081	11.518	737.928	216000.000	170.525	0.154	1301.250	5.300
173	20.856	11.637	10.565	11.643	737.928	216000.000	168.518	0.158	1301.170	5.600
174	20.824	11.643	10.605	12.652	737.928	216000.000	167.517	0.162	1302.590	5.900
175	20.831	11.685	11.070	12.708	737.928	216000.000	169.709	0.165	1324.830	6.000
176	20.852	11.710	10.773	13.242	737.928	216000.000	173.370	0.160	1340.770	5.800
177	20.827	11.718	9.906	14.445	737.928	216000.000	174.727	0.157	1344.030	5.800
178	20.806	11.722	9.286	15.678	737.928	216000.000	176.868	0.151	1342.130	5.600
179	20.793	11.720	8.970	16.319	737.928	216000.000	177.677	0.149	1339.050	5.500
180	20.863	11.685	9.089	15.725	737.928	216000.000	176.928	0.145	1325.040	5.200
181	20.873	11.669	8.849	14.817	737.928	216000.000	174.382	0.147	1316.320	5.300
182	20.856	11.664	9.273	13.829	737.928	216000.000	175.914	0.142	1310.230	4.900
183	20.813	11.656	10.470	13.280	737.928	216000.000	174.332	0.146	1302.230	5.000
184	20.831	11.635	11.120	13.265	737.928	216000.000	173.037	0.146	1287.370	4.900
185	20.843	11.654	11.041	12.771	737.928	216000.000	170.940	0.153	1295.400	5.300
186	20.814	11.662	10.688	11.983	737.928	216000.000	170.467	0.155	1299.870	5.400
187	20.810	11.679	10.508	12.722	737.928	216000.000	171.415	0.155	1308.640	5.500
188	20.877	11.685	10.359	14.316	737.928	216000.000	174.641	0.148	1313.070	5.200
189	20.875	11.685	9.914	15.454	737.928	216000.000	174.921	0.148	1315.340	5.300
190	20.854	11.684	9.619	16.153	737.928	216000.000	177.607	0.142	1315.960	5.000
191	20.859	11.707	9.463	15.375	737.928	216000.000	177.588	0.144	1324.690	5.100
192	20.896	11.714	8.914	15.120	737.928	216000.000	178.829	0.140	1327.290	4.900
193	20.878	11.707	8.714	14.987	737.928	216000.000	179.720	0.137	1323.520	4.700
194	20.870	11.697	9.842	14.448	737.928	216000.000	178.694	0.141	1322.200	4.800
195	20.880	11.700	10.900	13.963	737.928	216000.000	179.563	0.140	1319.150	4.600
196	20.915	11.695	11.353	13.722	737.928	216000.000	178.310	0.143	1317.670	4.700
197	20.897	11.697	11.328	13.493	737.928	216000.000	175.829	0.149	1320.820	5.100
198	20.846	11.714	11.088	13.200	737.928	216000.000	174.205	0.156	1328.920	5.500
199	20.832	11.728	10.639	13.227	737.928	216000.000	176.022	0.152	1330.780	5.300
200	20.864	11.729	9.632	13.693	737.928	216000.000	176.209	0.149	1332.660	5.300
201	20.848	11.721	9.302	14.748	737.928	216000.000	177.782	0.144	1328.190	5.100
202	20.803	11.711	9.579	15.447	737.928	216000.000	179.473	0.141	1324.530	4.900
203	20.849	11.700	9.452	15.994	737.928	216000.000	179.810	0.137	1316.790	4.700
204	20.870	11.697	8.828	16.154	737.928	216000.000	179.134	0.136	1312.810	4.700
205	20.849	11.671	8.954	15.290	737.928	216000.000	175.490	0.140	1298.680	4.900
206	20.827	11.678	10.024	13.715	737.928	216000.000	174.109	0.145	1298.090	5.000
207	20.861	11.672	10.968	11.944	737.928	216000.000	170.907	0.152	1293.790	5.200
208	20.859	11.667	10.794	10.948	737.928	216000.000	168.918	0.154	1288.830	5.300
209	20.820	11.678	11.119	11.702	737.928	216000.000	170.310	0.154	1293.150	5.300
210	20.807	11.704	11.843	13.070	737.928	216000.000	172.664	0.156	1308.290	5.400
211	20.869	11.735	12.027	14.571	737.928	216000.000	172.389	0.161	1323.020	5.800
212	20.865	11.754	11.773	15.394	737.928	216000.000	175.248	0.158	1335.670	5.700
213	20.836	11.756	11.916	16.612	737.928	216000.000	180.794	0.147	1337.340	5.100
214	20.831	11.771	11.324	16.852	737.928	216000.000	180.735	0.149	1346.790	5.300
215	20.884	11.771	8.719	15.687	737.928	216000.000	178.324	0.149	1350.690	5.500
216	20.860	11.769	6.618	14.034	737.928	216000.000	177.372	0.147	1352.370	5.500
217	20.852	11.757	7.073	13.043	737.928	216000.000	178.118	0.144	1346.370	5.200
218	20.885	11.747	9.180	12.784	737.928	216000.000	177.844	0.146	1340.060	5.100
219	20.922	11.726	10.656	12.776	737.928	216000.000	175.733	0.150	1330.290	5.200
220	20.919	11.729	10.898	13.011	737.928	216000.000	176.205	0.151	1332.350	5.200
221	20.907	11.760	11.494	12.934	737.928	216000.000	177.225	0.155	1350.220	5.400
222	20.873	11.768	11.942	13.462	737.928	216000.000	178.404	0.157	1360.420	5.500
223	20.871	11.759	12.033	14.543	737.928	216000.000	178.389	0.156	1354.610	5.500
224	20.879	11.776	12.052	14.660	737.928	216000.000	177.959	0.161	1368.150	5.800
225	20.817	11.777	11.481	14.748	737.928	216000.000	179.080	0.160	1373.490	5.800
226	20.838	11.776	10.882	15.384	737.928	216000.000	180.865	0.155	1374.820	5.600
227	20.834	11.777	9.360	15.784	737.928	216000.000	180.765	0.153	1378.720	5.700
228	20.798	11.759	8.190	16.711	737.928	216000.000	180.144	0.149	1361.950	5.600
229	20.823	11.742	8.445	16.907	737.928	216000.000	178.279	0.149	1347.510	5.600
230	20.861	11.720	8.838	15.657	737.928	216000.000	178.658	0.144	1337.860	5.200
231	20.832	11.687	8.872	14.228	737.928	216000.000	176.426	0.144	1321.460	5.100
232	20.814	11.660	9.442	13.292	737.928	216000.000	174.701	0.143	1300.550	4.900
233	20.802	11.675	10.730	12.509	737.928	216000.000	172.927	0.151	1304.250	5.200
234	20.849	11.671	10.757	11.920	737.928	216000.000	171.314	0.153	1302.860	5.300
235	20.829	11.669	10.996	12.157	737.928	216000.000	169.069	0.158	1299.160	5.600
236	20.803	11.684	11.349	13.066	737.928	216000.000	171.571	0.156	1306.550	5.500
237	20.811	11.709	11.857	14.263	737.928	216000.000	172.585	0.159	1318.910	5.700
238	20.843	11.711	12.465	14.934	737.928	216000.000	172.255	0.163	1325.620	5.900
239	20.831	11.746	12.538	15.798	737.928	216000.000	174.330	0.164	1341.680	6.000
240	20.793	11.779	12.030	16.916	737.928	216000.000	177.168	0.164	1361.630	6.100
241	20.858	11.777	10.787	17.535	737.928	216000.000	178.369	0.159	1366.630	6.000
242	20.883	11.802	9.360	15.979	737.928	216000.000	177.199	0.165	1391.920	6.400
243	20.851	11.806	8.007	13.252	737.928	216000.000	177.454	0.164	1402.640	6.300
244	20.849	11.808	7.649	12.273	737.928	216000.000	177.875	0.163	1405.740	6.200
245	20.879	11.786	8.369	12.270	737.928	216000.000	177.114	0.162	1395.630	6.100
246	20.873	11.768	9.466	12.747	737.928	216000.000	177.772	0.158	1379.880	5.800
247	20.827	11.758	10.915	13.055	737.928	216000.000	177.746	0.159	1368.310	5.700
248	20.894	11.756	12.069	13.034	737.928	216000.000	175.791	0.165	1367.620	5.900
249	20.884	11.768	12.248	12.879	737.928	216000.000	176.137	0.169	1382.990	6.100
250	20.836	11.745	11.719	13.099	737.928	216000.000	174.308	0.168	1364.680	6.100
251	20.835	11.759	11.024	13.709	737.928	216000.000	173.512	0.171	1372.940	6.400
252	20.869	11.770	10.494	14.432	737.928	216000.000	174.427	0.171	1384.510	6.500
253	20.876	11.777	10.502	15.593	737.928	216000.000	176.537	0.170	1395.790	6.500
254	20.828	11.793	10.680	16.683	737.928	216000.000	179.867	0.167	1407.630	6.400
255	20.799	11.804	10.334	17.264	737.928	216000.000	181.102	0.168	1418.940	6.500
256	20.876	11.794	9.781	16.625	737.928	216000.000	180.131	0.165	1413.450	6.400
257	20.892	11.795	9.567	15.990	737.928	216000.000	178.671	0.169	1418.780	6.600
258	20.863	11.787	9.912	14.652	737.928	216000.000	177.980	0.170	1413.090	6.500
259	20.853	11.789	10.333	13.359	737.928	216000.000	176.722	0.172	1409.370	6.500
260	20.883	11.799	10.377	12.139	737.928	216000.000	175.554	0.178	1421.530	6.700
261	20.865	11.805	10.379	11.506	737.928	216000.000	175.719	0.181	1432.550	6.800
262	20.807	11.810	10.893	12.542	737.928	216000.000	176.988	0.181	1433.290	6.800
263	20.843	11.824	11.702	13.268	737.928	216000.000	175.616	0.190	1446.400	7.200
264	20.878	11.836	11.395	13.277	737.928	216000.000	175.831	0.194	1464.390	7.400
265	20.863	11.830	10.726	13.674	737.928	216000.000	177.592	0.187	1462.230	7.200
266	20.856	11.849	10.353	13.509	737.928	216000.000	177.154	0.194	1480.070	7.500
267	20.893	11.857	9.456	13.421	737.928	216000.000	178.487	0.192	1494.330	7.500
268	20.906	11.853	8.253	13.489	737.928	216000.000	179.335	0.187	1494.670	7.400
269	20.891	11.848	8.649	13.844	737.928	216000.000	181.049	0.185	1499.970	7.300
270	20.883	11.835	11.176	15.021	737.928	216000.000	184.245	0.178	1485.120	6.800
271	20.960	11.826	10.867	15.717	737.928	216000.000	185.156	0.172	1480.010	6.600
272	20.954	11.823	4.519	15.379	737.928	216000.000	186.743	0.157	1484.270	6.400
273	20.940	11.837	0.868	15.046	737.928	216000.000	188.797	0.150	1497.250	6.300
274	20.910	11.817	0.151	13.966	737.928	216000.000	185.582	0.153	1488.030	6.500
275	20.886	11.858	0.026	13.207	737.928	216000.000	180.234	0.172	1506.970	7.500
276	20.892	11.908	0.005	8.500	737.928	216000.000	176.282	0.202	1580.380	8.500
277	20.858	11.942	0.001	7.301	737.928	216000.000	181.911	0.197	1614.720	8.200
278	20.882	11.980	0.000	10.739	737.928	216000.000	188.556	0.193	1651.510	8.200
279	20.897	11.990	0.000	13.227	737.928	216000.000	194.546	0.185	1670.800	8.000
280	20.885	12.004	0.000	15.297	737.928	216000.000	201.328	0.176	1692.500	7.700
281	20.875	12.007	0.000	15.579	737.928	216000.000	196.762	0.192	1707.960	8.400
282	20.860	12.024	0.000	13.340	737.928	216000.000	198.879	0.193	1734.630	8.300
283	20.844	11.989	0.000	10.490	737.928	216000.000	194.967	0.194	1711.320	8.200
284	20.821	11.947	0.000	6.876	737.928	216000.000	195.816	0.180	1676.410	7.400
285	20.805	11.909	0.000	2.432	737.928	216000.000	185.060	0.196	1653.680	7.900
286	20.750	11.902	0.000	0.481	737.928	216000.000	182.935	0.199	1644.690	7.900
287	20.744	11.889	0.000	0.440	737.928	216000.000	188.405	0.183	1635.490	7.200
288	20.786	11.899	0.000	4.615	737.928	216000.000	196.835	0.167	1645.930	6.700
289	20.785	11.883	0.000	11.918	737.928	216000.000	194.222	0.175	1636.350	7.500
290	20.765	11.313	0.000	10.109	737.928	216000.000	154.057	0.199	1410.580	9.000
